Dataset/FaceData/processed\NCL\z2867759185718_47943ff48712d2fd5a9add44170c9dbf.png 200 453 542 907
Dataset/FaceData/processed\NCL\z2867759188186_160e51b29b4a2ec1c3097e5a13132a19.png 219 556 584 1066
Dataset/FaceData/processed\NCL\z2867759065612_dfcb9c7825fd1d27c544ea3dcdfabde0.png 190 607 558 1088
Dataset/FaceData/processed\NCL\z2867759158025_0a41dfa1af2d9adc00f16d2220931483.png 237 526 596 1002
Dataset/FaceData/processed\NCL\z2867759141909_845baa1ac32e14044f827b0147065cec (1).png 187 560 558 1032
Dataset/FaceData/processed\NCL\z2867759152140_9ccf9eba720e4ce4872a42c81c03c8ab.png 193 518 559 988
Dataset/FaceData/processed\NCL\z2867759184721_31312a6a0bcf12ed6bbcce8b3c9d2179.png 220 534 579 1015
Dataset/FaceData/processed\NCL\z2867759193288_74c7c0fc120c4e02966b8924e5865eec.png 256 421 610 867
Dataset/FaceData/processed\NCL\z2867759188185_eb069d4c36c44575b323563fc6b8f62d.png 175 550 509 976
Dataset/FaceData/processed\NCL\z2867759126083_28a1189a87f633da316b1e74cd2a5b06.png 164 512 532 981
Dataset/FaceData/processed\NCL\z2867759191817_30c387aa777adc39d8678e56375f9738.png 228 429 581 867
Dataset/FaceData/processed\NCL\z2867759114073_1ed371ad4cc0267f56e2d463267371ba.png 199 521 558 1002
Dataset/FaceData/processed\NCL\z2867759088867_75d93d9efac2828a40684198ca3b9650.png 231 558 585 1027
Dataset/FaceData/processed\NCL\z2867759060624_4780bb44563bfcfeab3efd889ac7d1b2.png 193 518 552 999
Dataset/FaceData/processed\NCL\z2867759171752_fdf055173e9e0f3df68917831c2d2a7e.png 250 547 632 1069
Dataset/FaceData/processed\NCL\z2867759079600_6aa5e0705372ed26d4a2c9753a905706.png 212 561 581 1030
Dataset/FaceData/processed\NCL\z2867759192834_630c265565d949835b228e0dc3a816ab.png 257 404 630 891
Dataset/FaceData/processed\NCL\z2867759188438_eadee4d3c69558ed4d4c5641e72d4c07.png 203 414 563 894
Dataset/FaceData/processed\NCL\z2867759102348_901d50781ae11e09b059b696ae646981.png 222 599 582 1076
Dataset/FaceData/processed\NCL\z2867759105496_c0e6401bd43ab8a83b2d7b458df392ad.png 210 550 574 1033
Dataset/FaceData/processed\NCL\z2867759141909_845baa1ac32e14044f827b0147065cec.png 187 560 558 1032
